A = [1 2 3 4; 2 3 4 1; 3 4 1 2; 4 1 2 3]

A =

     1     2     3     4
     2     3     4     1
     3     4     1     2
     4     1     2     3

B = [5 4 3 2 ; 4 3 2 5 ; 3 2 5 4; 2 5 4 3]

B =

     5     4     3     2
     4     3     2     5
     3     2     5     4
     2     5     4     3

b = [1;2;3;4]

b =

     1
     2
     3
     4

det(A)

ans =

   160

det(B)

ans =

  -224

inv(A)

ans =

  -0.225000000000000   0.025000000000000   0.025000000000000   0.275000000000000
   0.025000000000000   0.025000000000000   0.275000000000000  -0.225000000000000
   0.025000000000000   0.275000000000000  -0.225000000000000   0.025000000000000
   0.275000000000000  -0.225000000000000   0.025000000000000   0.025000000000000

inv(B)

ans =

   0.267857142857143   0.017857142857143   0.017857142857143  -0.232142857142857
   0.017857142857143   0.017857142857143  -0.232142857142857   0.267857142857143
   0.017857142857143  -0.232142857142857   0.267857142857143   0.017857142857143
  -0.232142857142857   0.267857142857143   0.017857142857143   0.017857142857143

A * inv(A)

ans =

   1.000000000000000   0.000000000000000                   0   0.000000000000000
  -0.000000000000000   1.000000000000000   0.000000000000000  -0.000000000000000
  -0.000000000000000   0.000000000000000   1.000000000000000  -0.000000000000000
  -0.000000000000000                   0  -0.000000000000000   1.000000000000000

inv(A) * A

ans =

   1.000000000000000  -0.000000000000000  -0.000000000000000  -0.000000000000000
   0.000000000000000   1.000000000000000   0.000000000000000                   0
                   0   0.000000000000000   1.000000000000000  -0.000000000000000
   0.000000000000000  -0.000000000000000  -0.000000000000000   1.000000000000000

B * inv(B)

ans =

   1.000000000000000                   0                   0                   0
   0.000000000000000   1.000000000000000   0.000000000000000  -0.000000000000000
                   0                   0   1.000000000000000   0.000000000000000
                   0   0.000000000000000   0.000000000000000   1.000000000000000

inv(B) * B

ans =

   1.000000000000000   0.000000000000000                   0                   0
                   0   1.000000000000000                   0   0.000000000000000
                   0   0.000000000000000   1.000000000000000   0.000000000000000
                   0  -0.000000000000000   0.000000000000000   1.000000000000000

A'

ans =

     1     2     3     4
     2     3     4     1
     3     4     1     2
     4     1     2     3

B'

ans =

     5     4     3     2
     4     3     2     5
     3     2     5     4
     2     5     4     3

A' * A

ans =

    30    24    22    24
    24    30    24    22
    22    24    30    24
    24    22    24    30

B' * B

ans =

    54    48    46    48
    48    54    48    46
    46    48    54    48
    48    46    48    54

A * B

ans =

    30    36    38    36
    36    30    36    38
    38    36    30    36
    36    38    36    30

A * inv(B)

ans =

  -0.571428571428572   0.428571428571429   0.428571428571429   0.428571428571429
   0.428571428571429  -0.571428571428571   0.428571428571428   0.428571428571429
   0.428571428571429   0.428571428571429  -0.571428571428571   0.428571428571428
   0.428571428571429   0.428571428571429   0.428571428571429  -0.571428571428571

B * A

ans =

    30    36    38    36
    36    30    36    38
    38    36    30    36
    36    38    36    30

B * inv(A)

ans =

  -0.400000000000000   0.600000000000000   0.600000000000000   0.600000000000000
   0.600000000000000  -0.400000000000000   0.600000000000000   0.600000000000000
   0.600000000000000   0.600000000000000  -0.400000000000000   0.600000000000000
   0.600000000000000   0.600000000000000   0.600000000000000  -0.400000000000000

A[4]
??? A[4]
     |
{Error: Unbalanced or unexpected parenthesis or bracket.
} 
A(4)

ans =

     4

A(4,:)

ans =

     4     1     2     3

B(:,2)

ans =

     4
     3
     2
     5

A(4,:) * B(:,2)

ans =

    38

B(:,3)'

ans =

     3     2     5     4

( B(:,3)' * b )

ans =

    38

 A(4,:) * B(:2) + ( B(:,3)' * b )
???  A(4,:) * B(:2) + ( B(:,3)' * b )
                 |
{Error: Unexpected MATLAB expression.
} 
A(4,:) * B(:,2) + ( B(:,3)' * b )

ans =

    76

A\b

ans =

     1
     0
     0
     0

B\b

ans =

  -0.571428571428572
   0.428571428571429
   0.428571428571428
   0.428571428571429

C = rand(10)

C =

  Columns 1 through 5

   0.814723686393179   0.157613081677548   0.655740699156587   0.706046088019609   0.438744359656398
   0.905791937075619   0.970592781760616   0.035711678574190   0.031832846377421   0.381558457093008
   0.126986816293506   0.957166948242946   0.849129305868777   0.276922984960890   0.765516788149002
   0.913375856139019   0.485375648722841   0.933993247757551   0.046171390631154   0.795199901137063
   0.632359246225410   0.800280468888800   0.678735154857773   0.097131781235848   0.186872604554379
   0.097540404999410   0.141886338627215   0.757740130578333   0.823457828327293   0.489764395788231
   0.278498218867048   0.421761282626275   0.743132468124916   0.694828622975817   0.445586200710899
   0.546881519204984   0.915735525189067   0.392227019534168   0.317099480060861   0.646313010111265
   0.957506835434298   0.792207329559554   0.655477890177557   0.950222048838355   0.709364830858073
   0.964888535199277   0.959492426392903   0.171186687811562   0.034446080502909   0.754686681982361

  Columns 6 through 10

   0.276025076998578   0.751267059305653   0.840717255983663   0.351659507062997   0.075854289563064
   0.679702676853675   0.255095115459269   0.254282178971531   0.830828627896291   0.053950118666607
   0.655098003973841   0.505957051665142   0.814284826068816   0.585264091152724   0.530797553008973
   0.162611735194631   0.699076722656686   0.243524968724989   0.549723608291140   0.779167230102011
   0.118997681558377   0.890903252535799   0.929263623187228   0.917193663829810   0.934010684229183
   0.498364051982143   0.959291425205444   0.349983765984809   0.285839018820374   0.129906208473730
   0.959743958516081   0.547215529963803   0.196595250431208   0.757200229110721   0.568823660872193
   0.340385726666133   0.138624442828679   0.251083857976031   0.753729094278495   0.469390641058206
   0.585267750979777   0.149294005559057   0.616044676146639   0.380445846975357   0.011902069501241
   0.223811939491137   0.257508254123736   0.473288848902729   0.567821640725221   0.337122644398882

D = C .^2

D =

  Columns 1 through 5

   0.663774685170091   0.024841883515894   0.429995864530369   0.498501078407793   0.192496613130303
   0.820459033271203   0.942050348005810   0.001275323986586   0.001013330108488   0.145586856179197
   0.016125651512361   0.916168566808714   0.721020578085191   0.076686339599649   0.586015952937965
   0.834255454577687   0.235589520373119   0.872343386856697   0.002131797312815   0.632342882768395
   0.399878216286768   0.640448828884878   0.460681410439806   0.009434582926049   0.034921370332937
   0.009514130607449   0.020131733089037   0.574170105488870   0.678082795033501   0.239869163381811
   0.077561257912118   0.177882579522561   0.552245865181430   0.482786815306470   0.198547062263974
   0.299079396047951   0.838571552093296   0.153842034852657   0.100552080254868   0.417720507039084
   0.916819339903403   0.627592453007880   0.429651264511621   0.902921942098561   0.503198463258302
   0.931009885359006   0.920625716305340   0.029304882083893   0.001186532462013   0.569551987961545

